PROLEGOMENON OAPVT V.

Atque in primis usum dactyli 31 spondei per singulos 1331133 videamus:
Spondeum habent:

-.-—.---..—-.-——-—-—--—-.-—— -.. .-.....—--—- --—-.-—- “- ---

13 31333113 min singu 3113
1 summ 3331331

111111111111111111811ιι1ςιι11 11111111111111111111

111111
1 , 1οθΙΙ
, 433 1 34431 334 4333
100 , 341 1 3133 333 4333
1 113 , 413 33131 320 4433
' 761 1 113 , 433 3334133313333
= 3331 100 ‚ 333 333311331 1 3030 0030
vl 1 333 120 ‚ 423 3313 333 43411433 3433
vn 1 030 113 , 333 3303 330 1 33331 443 3333

ιιιι1 431 34 1333 ’333 3313 333 1 43131333

ι’ ’.1

’3313

et dactylum

Π ΠΙ IV

0—- ..—-——-

113113 1131111 1333313311Β ⁸⁰'3011013110
3 Summae Sum 333333
3331313 111--3331333

111343 333 31,133331143,11,1334333ιιι33313413
1

1 334 3331,343413331 43341 13331 13431 331134

IV 7611643 84,49 333 1 43,76 378 49 67 266 3496
V 695 1 696 86 61 300 43,17 3441 49,60 276 3971
VI 769Ι 639 8419 336 44, 27 3841 60, 69 271 3670

VII 660 634 8216 292 4492 ,30014616 208 32,00

ιιι 333 3313433 334 4334141313343 343 3313

VIII 467 383 82,01 191 4090 24216182 158 3381

 

